88
24.329653868193397 33.779992913031606 14.388241479806034
20.070285771137186 13.82532283697948 18.931594505243726
33.51469119337746 28.723373474895883 23.794741873018552
31.473386481853932 35.526423839068045 26.520853042893147
17.56870026423805 24.31480834378306 21.77871997745588
22.437256049823297 31.055618327128684 14.127843114247382
29.122849723790385 36.398226601967075 27.77324374692963
23.347177390011534 15.094197533235008 17.747929357664006
34.36948702211094 28.452251082633424 26.448641315238604
21.13043287281743 29.942676261516297 25.412255928151975
32.75230442912679 39.344744495255476 25.421003730959352
28.77736118973715 33.50097559471332 35.150587548682665
32.03708603665048 32.24310357889346 28.53644406939528
35.53406232020874 39.25738272866557 41.469116273274345
38.14332162453877 32.83232590151371 30.795864880448715
17.84449358563004 24.10054251745776 18.19036393592807
29.01430603023127 35.992273171504095 27.88828957206667
17.346216607763292 20.93701633569132 11.593099172627308
29.66300348007993 24.758952982242818 29.766824559568178
37.089175179641586 30.422183909708444 28.81719608547281
32.29535299003262 33.84459566461307 26.488808613464144
34.05396813039138 38.876642598447845 43.150081613258585
17.258567611743224 17.242226950530103 20.831306689565643
26.757749277261738 27.49288029584345 18.823160315487293
30.150467603572267 21.688611735397007 29.837408877969512
22.6242852946923 17.863853171373364 16.350629447036518
38.15249522845602 28.62301863278802 35.22216330115595
38.091224513701604 35.35903736729468 33.81851183298785
38.8936898244488 39.04832786471733 35.41574837669607
34.473124898192964 38.90424710487353 35.254472697539384
32.529764927835515 40.58739954462747 42.3137676812829
17.093427586611014 12.805654983273415 22.701940391325593
18.329218195849094 22.41520215612653 9.580452157343604
36.45195061933441 39.70948836802776 26.604945550655575
19.730084354286333 22.44161700225969 22.57192886880813
36.375521811130305 37.96710714245383 37.84950027435591
39.38389843798906 31.598569322284156 34.74736645656525
25.486404014249437 35.23790924292766 29.366755089480538
26.18946544719308 16.747711207163384 26.37144116012474
33.55391699048593 27.313771621651334 28.692964549158162
24.274202125550218 32.14245250060567 21.609640706721446
31.61612978175778 37.88956734120162 22.708645239218896
21.5757030103042 22.54400311945035 27.92794916793986
28.27721430099069 30.382499918751513 24.89837833669131
34.365625651074495 25.67017797405006 36.351633084345295
25.51775060708252 20.263313569131135 18.634401579327992
30.23124228057864 29.235003476170576 34.35739654766828
15.275234266201165 19.596501203545593 9.989398494596188
28.660753580300657 31.17544063055827 25.384128270015673
37.14475450691429 30.282850022943315 42.52133321555563
26.17463133640485 20.939416230343397 25.486690645380918
17.85928522978897 22.591458745507538 11.987522502856907
31.599309072135767 28.779441191078476 25.033571958577447
31.888554570137227 38.99191774782024 40.47475891919233
16.518192681848333 12.632752773456463 25.493310282494154
35.05772971207459 38.629771389967644 44.462607510448905
32.56933006473534 23.31844838021948 40.86901391804314
29.654253513380436 25.40566676184816 36.650211900231085
20.234745350290762 25.81267686618023 12.749434783824066
26.044534438806565 20.9435817596323 19.302135883938064
16.213178693705526 13.314605345915512 15.945157071427856
15.452637669217653 5.485930540992944 21.531973117365702
31.75014836874212 37.65054136581991 34.38777418537608
22.710864544036085 28.199801605562424 16.516433910399627
17.265417006560266 26.41504021171697 24.17842052043969
27.536692776659635 23.58253148445518 33.58721354905415
21.851146725443755 23.671707566540285 27.091641074897236
20.140929548871657 25.72662290364289 11.499636660994966
31.28165031316208 30.260306940645286 29.35511968902232
20.756444838543253 24.55092363511625 21.73944848294167
21.879427326367406 29.93004874777405 25.440888629552575
15.383159030666771 20.68106185122168 16.362439478444713
18.208253445179064 12.962910167728992 26.896852636470708
38.670169192415074 43.218373767533436 34.72314988630784
36.13300447378157 31.408682976776145 38.818209929492106
22.25642338122237 19.970845122991648 24.242742616743868
34.30247304252606 34.940144174927134 39.47791791558441
38.033042395412636 34.9265577392094 45.59330318786374
31.814983234331557 38.98929472992177 37.396875367192855
33.998402944067834 35.4715160408116 43.88407555411907
19.44072509510466 23.752718277433125 28.903060484867392
18.586054083192654 11.527868774769768 10.469339347933088
15.757465838107866 17.786537931054447 17.091364292520275
36.34932886589792 27.900898779641135 36.24921770475963
26.34995303170888 30.851582105158453 30.311052297452708
19.58850438991025 21.45587777714706 19.99229128471189
22.50478490975361 14.941840352794607 12.556409566043685
16.169219624561162 23.62812447090702 20.507747092942573
