286
34.92807601313906 30.924983022928792 43.126354497394985
38.459813378816406 47.4168035123983 39.89941927450762
32.19922960730291 40.81882840529194 31.051714458451315
21.695654759307438 25.282843912778603 22.23885278031755
38.347214779168205 29.938819695438248 47.560202640038334
29.34842385039176 29.585512529638002 23.34029905510812
37.69711298845217 44.605000675308816 28.48082266967939
32.0965157907247 38.70720037826008 40.86184997001749
34.71922422500475 35.731425840526285 37.90101367933599
18.93023215442565 21.434396539814234 26.84813430588329
38.13703232604473 43.49399253912174 34.52304316418697
25.3628090781582 34.40769799616503 26.46802994710407
35.99117261457128 45.536878312219415 30.978331135417804
36.03414744424856 38.56760669959378 32.727887769120414
30.173799086616853 39.90889880047095 38.60827752218968
29.799384119827657 25.150968234553687 38.41624382149106
19.938204369942248 26.58735205064509 27.208311153776492
27.719004243910227 30.0431618207203 20.782922219333592
27.812054857621305 20.296965849401772 22.355000499139038
25.535413373157596 27.1298999027886 32.63270360376933
22.735305855169095 17.936670612322995 15.42166553164928
20.47988988938408 27.72083647020471 13.028614621006913
16.376219782185828 19.28025062508816 21.385423228693387
36.71002796558807 28.1828812189011 29.606429840093014
25.705861108421125 31.383534497328803 31.359305226754458
35.54699963931958 34.9689366710405 27.351199391165192
34.52221055216593 36.897583606077085 32.190119362249646
30.5394139334436 34.14932927716899 23.376361696472628
21.683253363089843 27.013073579473524 24.86117387489574
27.410776603769264 37.036940732165604 35.8709495785415
30.042114299911425 36.22649707105276 27.165741220826302
20.194519506629796 23.278322218443257 20.582228818667943
37.16882217829884 42.37634805944855 30.680967324459232
29.477601041817167 20.89414160218538 34.41825181414414
31.8194588721319 30.22164188464955 26.403552317666765
17.173440696125862 12.772239675942279 25.472593860676362
20.185327360015176 30.17214824650424 25.110440038592586
29.74955939836285 36.421352275041144 33.77426693641554
32.36790468249504 22.997802264995492 30.104356705120168
39.32615961072024 31.806057489990696 44.67850633930907
30.40961875687261 37.48391705715228 35.19169624910032
37.629816766561106 28.523384932563673 36.16479226613747
32.93013922878766 32.02099253204364 30.637006535033123
27.881708857091024 36.71551862696268 29.569997899299686
37.821546671220126 30.156846807109176 39.23436487753335
15.381885331826313 16.004437533075077 16.926611655002908
16.126444800180046 13.750193832919228 8.243023778078669
35.738954910119105 31.493663869319914 39.115184614399816
23.72821292127285 23.776180983020023 31.636762928838877
34.416596346089364 27.916697063730044 31.290034539757333
29.623850771753332 36.19516302432659 39.21896323683392
19.912093082883715 10.27527088428639 12.35804476463005
33.613485836772114 37.92748221341931 31.636152314280814
27.444811142059777 21.554348908895623 19.83946347080962
38.24699169584203 37.622340317791355 40.08101256467245
28.37055813278659 23.12250816175902 31.920951907700616
29.822261689045188 37.98308197224368 29.582891898007787
17.616953797370385 13.320883647168516 8.425782815885198
31.370721606547658 41.25122072851228 35.732908904323466
15.58046068565583 22.15268702683381 18.321873495701244
33.61729532280525 28.56619274029895 25.646796587220713
15.07217497180864 14.346983902318986 9.109997988386255
32.322239061820824 36.237684571085325 29.018617221930064
26.840770018938784 26.870246310095833 34.373634216474194
30.643471055758305 35.09509994552977 24.521208859272626
29.840479768954804 26.9794450140753 38.11697333683098
21.87691994894296 20.53860124831617 18.245302382933154
34.0123643724121 30.4801708920349 34.50398311112459
16.300223944531652 9.404604884114871 20.69129264514884
32.780405906284315 41.09849566921286 29.771292573101142
33.757256835690654 26.39364759204536 33.31000225231809
34.4616930499316 42.96882008725774 35.500198384617846
27.957378265917075 32.38035459702185 32.17776797728741
28.192846602066446 35.65154971578326 26.974162103414937
31.33823374102613 39.145618764215875 24.954977608785306
15.983179999222077 6.840688998082417 7.940787358399348
24.35299705752531 15.823922867296266 31.355784688362924
32.92836832515224 30.815834969760317 38.96095513215646
31.525181740354967 34.949620883353916 25.412103100114116
18.125631407406157 22.595905014463487 26.42935471781024
28.88390921476008 27.392487532206793 19.480876520832762
37.20089180615217 39.820512788194264 45.853409721565804
29.001581854840826 27.594375998775 27.27572431388521
34.72779236306519 33.32331503631587 41.6920087446734
27.840388893256375 31.426663576392826 31.92987450587395
26.934838164372433 31.67079469240563 31.88863854165946
16.74450294192654 14.175478225505996 25.86630655934544
28.56683167376078 26.16779228143804 33.63972793536486
31.94605275624677 39.7935500983481 28.884441343585205
26.305884541522367 26.822269083806216 35.16904859180835
21.874284339831245 28.720796076174413 23.61374661788014
16.840915393301557 22.907940820252332 21.630870187641037
19.842334586037254 10.52924810586656 11.248304794972945
22.187198963284345 17.253015417897288 21.33291668371537
29.542783739224767 22.07230448672619 33.0996238000006
35.74315887814694 32.45166585722433 26.396570527515095
35.40399639337471 28.066109430099424 33.99654718366016
34.48355334528539 25.374286361489197 36.694782412393664
26.670948320704767 20.37649111294099 33.351727745107496
28.639144001235316 29.722110120739522 22.41306283496438
31.987926041558275 32.17468002295419 33.90624354586318
22.824959449034296 17.80743188963634 18.147987868839287
36.921666997376455 28.427083509350627 46.78207569238084
25.333796997383594 28.16524575901272 29.919972563420846
20.902068292628865 28.438798290094475 20.712496375725003
20.799486212465972 20.235406503194056 22.458605983413214
38.33780240360476 37.83918790891984 31.80121973654864
39.6058319591372 36.96296208469026 42.292454463128365
38.534635145264744 41.114519029891305 30.172378009324177
38.83167736724053 33.31162388388721 41.51066845737904
30.588003935500417 28.613043620832126 23.627012214248097
33.59907503524507 23.98176295160586 32.077557329564385
21.705826932206648 24.599519997820597 29.30151693833964
25.95848182730432 16.97707277252809 22.586998970687223
24.74433377577205 31.068431051656827 18.135072500077506
30.789885057819045 31.527235786743518 37.701504077358585
23.895106411843393 22.459372874518984 28.17404749661447
29.11889000714244 31.49853707819713 33.888155903544224
39.96595565734291 38.3973948009168 35.77108386975037
29.09850387796224 19.10824112902357 27.64461159116629
16.05664388461425 13.020531754145104 9.146368146033234
36.156453557135706 38.09641349122912 45.203866603848674
33.382059552734844 33.1932775820026 29.561620807850396
22.279568943268906 25.642315570512448 19.764357070036965
19.76386611309595 12.94712762220538 18.178623045291477
35.53564227685801 30.180048773716827 31.957022284846797
36.854903123289205 29.268166297698464 28.120577479796395
31.01312970600502 22.8550514841648 30.42463989354207
17.42112234712956 24.96962506812949 14.08505587593969
21.79348307150521 17.951659159211996 27.73970723071009
27.160290842289477 32.86870945731654 31.252356063948575
25.122424420465094 22.041286423893567 31.160588757165826
24.246286446441907 23.02813217380995 30.0453615982807
20.987206630267206 24.476846714724864 25.9539091586456
39.448016628999206 40.04186564833041 47.30084563499611
35.068278915437475 27.864700556099855 29.773283984679225
39.66269822457873 37.53162178787589 37.553879052643666
29.85660526861432 35.25034599711282 30.256454556624632
22.63871903040193 24.38747457006761 12.784790908548313
29.31237863527159 30.474956879620198 33.00756129983673
21.64215755552821 15.21655948955581 16.171954017502294
31.096590357757965 30.81008427539517 31.188396170735217
29.676326263292214 31.763684847171586 26.09554213358576
24.30281280863626 20.91783823429417 19.31861059678258
21.412762093837998 17.214400604992136 17.981026074823788
15.030931243773367 13.070789083734223 12.64348182975092
35.28667810167981 25.684078646655717 38.11224225238446
20.71515069673303 29.603831165256757 17.67936358114102
27.78619721075591 35.407154778349664 23.509969582689294
30.09241727803664 35.76028297657224 31.698502075972556
29.09313565609655 29.161963031493954 23.512382003870986
23.180960115876523 23.48443539225959 31.920701627268798
25.168650158359277 15.963678755654406 21.129936549627196
25.847695266040283 32.64728786483032 33.790226194492746
17.608920881447865 20.617649997374464 22.322250232766514
26.053047042458793 19.562990962290698 34.73030966255585
17.097858225517314 10.106604996090558 14.473443379565895
17.85678958778786 19.14895778429288 17.279301883511074
34.7636214204118 33.168624461235275 41.86214547440557
34.79284393119532 40.438113126286716 41.16354425726385
32.89584792380215 30.660766358304194 37.34165485520738
18.427822625700436 28.399533012278596 12.090907472760076
32.2277568653476 23.1703886762498 29.695347918824247
16.320236727511233 6.742864139928907 13.340955369211708
18.742764347276477 18.778729667958892 12.81479898347188
16.316710387127443 6.948423524084692 21.365113012435984
22.874470098589605 20.267324222470926 13.48764907354609
32.13977876088188 31.60158473191283 25.92216998649838
16.161745203580548 18.427503396061965 12.875382102927297
26.629610838026014 32.9366822902078 27.886807455685137
33.26139306252007 37.448326603782604 23.825909799813594
30.249597282874625 38.57883393146832 20.95460352442753
25.558122964622015 31.752726819433168 31.79233738264684
19.61267096125295 20.875259017620273 18.49573443114081
34.028383654745305 35.6809990851757 41.02939320056923
30.750445141043514 22.041186396061704 35.798023098078176
15.078296802483912 21.312616788702975 15.796462891678686
23.659117154414886 32.01657690307344 19.701575732548157
35.58832197926644 38.62111009957092 31.816784831704197
35.70223678387473 27.392676461419175 39.02227567409473
15.644461946966862 25.393685095138125 23.203515876951542
33.72799097308045 27.772892677428256 36.34719170349149
35.43831035274835 33.66056291124196 41.36461661430825
26.124024414383456 28.27845553958838 16.465519639218048
16.58091724263304 15.183694784532072 18.11100213819035
16.451850640547445 20.690566243020378 17.37504121531576
32.83759984562609 26.18752843486068 30.809445093364616
28.100770667432005 28.578780352020924 23.02410409474281
17.77602834094683 22.48458210395077 22.108223421083135
37.51250465766576 43.138780392040154 28.55747269742927
36.48623373798437 44.38644914697288 29.60646632467845
35.74639534843968 38.8367355076273 35.222769422042255
28.82096928160121 28.89901183291902 27.096353330412242
20.384355625932255 23.11440740787631 26.450982533294933
31.194862750792733 32.20350801038629 36.361360707696925
21.277458752253835 19.678123465077714 15.1851263589634
33.03219568139876 32.01898979247531 28.31627693037217
28.284194397979334 19.401647446648365 30.827709524014892
15.361373023311003 13.244732829724246 5.800008452917881
16.675484684910973 23.790768336444504 23.28943356718094
29.699178125986585 26.08341826691359 25.02668581855898
18.124286460859743 19.755713106809957 19.424341559953277
22.363916898021138 28.359283066309928 13.432322654052122
17.358291990455267 23.132978202882406 14.553444112387867
31.302224532757386 33.85370319727628 36.96336278785304
21.442354155755638 20.804257823820684 14.029283676708431
20.742628528723046 29.48953602127094 18.20179201043311
35.94186119512607 39.23725097868385 42.644676943991
23.817322708363342 23.082514657415743 17.742848462777303
37.677563179102464 41.978409519373095 45.70333708345753
25.273755301557756 27.042474487802945 21.991433105227635
23.554118944758805 21.765303623096717 15.35871362099865
22.56571761708061 19.920511403576953 16.749631493154
29.77588469577973 27.997179164826747 29.297318991342657
18.74012715152957 12.553451220987117 28.279695669677587
27.260673713185227 33.85431421976368 26.448192388720575
23.375541705097426 22.91932513106707 18.765752413952463
15.9412044633553 10.234682083549908 8.391953234479091
32.370838067570666 22.77378094480852 40.50648063129479
39.97991511707236 37.27180894163127 45.81894438336033
34.10111395827796 39.94633149390785 30.6651717408079
29.400314439467387 21.69902331366368 26.341033622384586
36.560700585236034 30.517688571314224 28.819761840107297
23.80101881027506 25.96790186523493 23.33726153062207
24.792603241515845 26.327695883585353 16.90249254453959
20.320429933192997 23.34486738851882 27.248272386058634
27.58648467005709 36.65201553140373 26.82742031333924
23.87327860333793 28.278641500239658 25.813566698281043
31.024570663067948 30.880926363322114 25.276584944298925
25.507130563501537 26.02861265667827 17.45141666177121
35.612149587553354 31.50367332472583 32.776748085388256
38.00883876795086 45.7930142374817 42.14281960784294
34.07647838335387 27.18663157883354 41.54442214754897
32.21862759374468 22.59577171820034 23.424116000460295
24.31921666755555 32.695193000117015 22.22567279385379
16.833251288895234 10.748676434048289 8.09073833576113
23.811564288516415 20.481412767788896 25.898864924015477
37.359029639336036 43.364560338258755 30.936704283951563
28.01113018222381 34.9978095547061 36.75511155703609
15.72944464084824 18.76779002254959 14.817502849420231
25.222563449414423 15.929788824546314 16.106403810585626
27.458775670895058 30.637872372386518 17.84146585726961
28.021900575492577 36.214396547041154 25.600970018217755
27.950561538975446 34.78437851284198 18.92686532058997
37.70356879858511 31.752795569807486 31.22682005494319
28.21466479248454 23.837718104519396 28.96611504570376
31.70951230111796 36.37112767650696 29.25713982861454
23.12574699896028 22.148385401834922 31.618631760863533
22.166897391092935 25.75435167121066 21.306452014394768
19.944920817941124 21.41188234877854 11.311137817592176
34.23353250648776 35.60714060523317 36.11745934706926
21.950374373788573 13.119196143232811 15.406296582887878
25.15214857880032 26.193739427983548 32.2502465783288
37.11649439332162 28.811967077705116 41.05231985765846
15.704048800202067 19.10553783242395 15.084957328476909
31.13830124713577 38.28262812295184 33.839108330859034
26.071712754443936 32.70349986861462 26.23498727082236
16.12229465519772 23.58513753021307 20.749164800628936
29.1455033038407 30.206941801181948 23.780783847479505
17.718653092193897 17.840468846127116 17.739169980898538
33.7028035811678 40.04678666273804 36.5270679096484
25.725323973210493 28.958824845519253 25.653116351634186
18.044201816804502 25.4884045094346 23.53311289481472
18.483254768547415 9.23041412443683 10.629199607318418
15.970666656707209 11.946689499395527 16.41292215526699
34.04467640168092 31.22828275082585 37.096373905231104
16.04219788771705 8.075828576179457 8.717864785103211
33.83321293174603 38.13679936768007 31.28536717790183
22.970923881159862 14.002261639407461 25.13867029104739
34.6351312902589 43.7813238652696 38.62277120253391
25.60297241115478 27.787164555698066 19.258484319267417
20.434289565004974 28.64880890865286 17.702166326048708
32.05109979245995 38.831977399463014 34.28779767017488
22.107580766394783 21.712718008848707 16.796614091940125
22.205760647470232 13.876493394484902 26.171095892322448
23.9705791110092 23.112882057206832 24.202562217374336
30.61218419964276 28.055058070195116 20.901641164176638
24.851771640188414 15.692646376206088 33.49350031517313
35.825569097488184 38.16570288342555 30.964197467988843
31.884656767823664 33.10983323573461 21.966711759728668
32.10065742159041 29.534584434965144 33.867182732314895
18.755879044615046 12.059282727157447 9.939108368509345
22.12488525622883 13.21082552795096 20.46867994215951
26.309719597383886 19.964733939121054 32.886314460986114
18.439732505073586 9.463544770607577 22.66014206445555
36.369156875644435 33.00497063368068 39.81755889119759
