158
27.02809883047439 26.026545820180644 24.73633955430345
24.49888964703971 22.554952551043645 27.3058612451622
39.247325082908475 35.72425443126862 41.530707413210116
25.127962633684934 18.517437383647618 29.387830270570802
39.210458184163116 33.15719755310336 43.72788673052296
18.146357915543582 20.93677362170783 18.176608703131038
37.834210151191726 44.153122257245435 40.68279068501701
18.20003471959856 21.591202252771367 9.950631274167215
26.976561669798244 30.951063673973835 26.386046566064238
26.226992442050836 27.361070337384803 28.460352432791986
18.84659576221205 20.457770490007945 17.42191245847214
30.50733735162563 30.523828822084383 27.05370082667901
39.18634671346695 47.564358228774736 32.16042041798151
27.910419898995645 23.78391909312476 23.631929149882467
23.17788615216439 20.786456431350842 26.410070359266804
25.144389322270932 34.826849328875866 30.530589829036902
28.092087140504088 37.27640461042928 20.113625521841776
18.316476276827295 22.041582599045757 17.528693930303803
24.557457660274295 23.81148355374927 30.700198871789073
17.39894448787798 8.39373483611373 7.450980635717503
27.078973946217218 17.407562439465334 20.53799038165181
28.630121566640575 35.21594909035072 31.361697776782194
35.528169421020884 37.00944231647207 40.73649309832338
27.310968379075966 24.044993975796302 23.943557176061308
18.816437969381635 11.331126406809707 12.794546598499748
18.468175102343377 22.133234184076105 14.024337241078392
21.77245478009112 30.47149110582153 20.29776990494049
25.012228030716003 29.122714573390635 16.239855638080464
20.40024651059612 12.820729830544424 18.84925330334272
34.125042004991634 31.74262275931986 40.8113780120663
36.5843360751567 41.95447510843272 40.53118148793426
15.952661899219079 19.596560418223355 16.345445234870887
22.929689032951554 20.43672521968637 15.599567041365967
25.274783789695142 34.888121992875874 27.334066556360213
19.633316829561267 16.517444174040254 10.513622077621616
36.67928687365169 42.706706671366994 36.71451066887869
33.04716165599588 37.710656915247355 31.296381389253565
17.1258489299141 16.597252253536162 14.933685467450267
23.233510062294453 14.815694027856242 26.161970915224774
23.361677813475698 28.076410291575346 29.61736443967653
23.269224692737822 25.536374883348955 32.17202323832999
19.912462792911207 27.464306311249267 18.256234674749305
35.117472149416486 25.945718565905963 38.79083552985986
24.75517598780653 24.477918416220156 30.547680973262032
31.458705103044586 32.419481489078564 29.784400957919473
22.96312258684813 18.00375567556432 14.85502387671449
34.21911825988048 28.64953087813759 25.18777358469888
33.75876408146168 39.03011138917019 26.017185374541015
32.526687423448564 31.073734900339375 22.580581131575297
16.411847324170164 14.990987166227699 10.73583344565605
20.193707680452036 13.69556922567068 17.740987512010772
32.15913161335348 22.54477609832947 39.430277059706995
37.41123628948513 36.283691073289354 46.76996264917584
34.91176252495449 28.79289664615598 39.65087037843371
23.345282826187287 15.355967977258242 30.91328934868786
31.555780862825575 29.020628558809694 34.419540506276135
30.556450522031362 23.977276610575114 26.777899734010575
24.47331033715957 25.51998254880452 27.68312543875848
29.29307560339685 21.096244808795845 39.208668557235036
24.834074818189418 33.91016208821765 28.055315111395345
37.510958433355654 35.07014656439915 44.32502209589536
20.780813548968116 22.50441948929561 23.24182865856484
17.088267619362853 10.883502461331581 16.724070846139075
36.89396969650818 44.75416027034919 46.718484013795475
18.879228384365806 9.855616010690843 27.545687793559548
20.041314551340477 15.125204239145464 21.012545678734725
35.591145632836884 25.903034819579943 44.419072257311385
30.651731846381857 29.092151285995413 35.14536098004919
15.69206198735504 19.519584685762588 17.52088890823971
21.58856177430893 17.361807293999128 16.672067965692946
30.73605312549035 20.950763014420453 28.36987416831812
34.610259647295365 28.214333293086852 34.217027358850565
24.314408499694714 20.759314519234156 19.156619585497758
25.102708587052405 17.661875193721674 17.288603984359213
35.84768341328595 45.34020737124577 40.50161587219819
36.54071349735625 46.32147034481039 40.472713090561186
31.279141327280556 32.478078949065925 21.488120912281257
24.41273541285423 25.75637746633783 30.28186260309484
23.427147584937927 18.8277652564248 27.61429267329736
34.03395755007422 43.00397814772904 30.077772210512055
39.924696111550375 30.114607511861657 49.233572553395774
29.423799650255013 29.94718516125191 36.61549708651134
39.79986424336583 31.818818519686182 44.93257100159572
21.8649048106193 27.639899660160847 27.07154259983942
21.422473434685788 23.34691679854366 12.75773106673323
17.755664381418857 8.127434619193197 11.535956802207298
28.709724218016973 27.969766856501252 21.91863090956012
28.266168830276523 37.34370801631419 20.158859374151813
22.706676370638483 26.68454721689244 17.536666152649403
18.191055042873614 9.37411719927119 18.657155140973696
21.355102017396536 27.24735201246932 25.689666503558392
37.329497052436416 45.473826959690236 34.091201870344065
37.964753014974875 44.831363518837435 31.739168018147964
34.01423317408289 41.37519895224071 25.519471630568894
28.492168956164097 18.546684277666863 31.07797972549568
27.844282806138857 30.42651129512908 35.809449712099365
23.710873566300712 20.66301305258983 16.658558470427394
25.770271829331907 22.22016071994014 30.924435871134932
15.079599816390646 13.103165673183284 16.1616408394989
19.942018680929444 14.507186380655714 21.989934689160684
35.047881938042536 38.21879088212042 44.4405520606895
39.89447606127116 33.19322836779352 46.36306978636702
19.506150372613455 13.16105684421768 27.977480109747635
24.94387994087 15.077583864014393 28.44895999081252
32.524915801044294 26.25706865770633 30.8584839620779
17.049058553335822 7.162623285068488 20.716191664279528
22.728704086662326 19.682705162619513 30.105701970067226
15.80569784480645 9.927986915050688 18.018190166126207
30.01840092341792 24.666626400512467 32.7866243688493
16.860660418859876 19.95705832371 14.109102569504367
27.653287836871552 28.297509122513887 21.886726222113538
25.520389921212875 15.918613529520217 32.00426625172123
24.30338376343708 16.363122384700254 20.515482433071888
29.077474854749923 34.76227179188689 28.35092326636152
25.815164553961182 34.19846346029023 18.195868144197703
38.77250769051883 34.37266064505451 31.190771767448815
16.440161170757065 21.230601122156298 24.139883185331144
29.958691790259714 27.05576682840094 32.78044910711624
31.85652344023213 29.296693991253782 23.96028856619452
18.042856726640046 18.48574275256144 15.52909827388399
28.777952522649944 21.1923780694982 35.931309572817604
36.971671204249624 39.92700837775354 35.57574148738956
31.461389448186516 23.64064684503198 23.955162644220785
24.23323616001863 32.142443626739016 22.197035674542484
39.27282814172601 36.6137598463543 46.88037403394124
39.603698591944315 31.80319547092784 46.663781399426014
15.287285823836713 17.896675475668204 15.8623188276049
28.72214906516041 31.00042312386206 34.57984737411768
21.931407421383682 28.95102498684929 30.46347697150311
39.29537367426806 40.6173129891813 39.289354548381034
35.03179278492132 29.57151867739227 38.11462580830214
18.571919819246975 15.516005278819948 19.94835386851642
23.524811655093604 27.86670502786646 25.149606335857985
17.17162801646381 20.315539441910335 23.068952933159206
18.089542702086263 12.634728692615905 23.683210809682574
19.385957997608358 11.742380060993238 21.171992747059008
22.269137588791388 12.930653618880877 29.218907269688046
39.38405577765643 42.305160886351146 46.96579946452752
39.291323837635076 33.270393497215395 31.692113332539073
26.061994389132835 34.232555935442164 22.712068758774226
28.939218040101572 25.519544317992125 32.114059438550754
31.48470377909611 40.99202406444206 41.07625132019025
21.97183226181914 23.65251639079334 20.566280592384985
15.402929998412363 11.223908231092757 8.391384274290564
29.87169057157207 30.61434692821252 30.788661498762853
30.326640616195867 23.94813745450155 26.415636548392378
26.086274988001172 30.89724249457644 29.33385091675254
16.231496117562173 25.46963839875592 8.031149205480528
34.521410873086054 30.876004034586664 37.35374861033022
29.53058787925321 38.48539066275248 27.033219600429934
28.288370043796363 19.697617011600645 37.71243911696561
32.30827559833362 24.61471881802683 31.984579517156146
27.661993281227268 26.653937078746484 25.754212378320666
22.569582262166932 17.490473382762247 18.771327402186756
32.79346237226182 39.59288730057492 25.711716901260683
25.974662752541796 17.889829387729662 31.87877277994596
37.96678554190838 35.4501854749285 30.23132634051037
16.005087150775662 18.298904929224097 23.8127656187371
